car	1.554822	2.0337133	4.6150737	-6.68836980085674	-40.26004394964308	0.7512605786323547	-92.78077939909893	0.56797385
car	1.5697957	2.0295513	4.6165133	13.195640996857698	41.190110043512654	0.9864333868026733	87.21473582769518	0.40524113
car	1.7637057	2.0721087	4.658563	9.031119985489488	14.272590950111448	1.2305035591125488	68.90329919121447	0.62522745
motorcycle	1.2505717	0.759859	1.7660304	52.615524000572805	-21.262718000065036	1.0972591638565063	3.8816878022556236	0.6232728
car	1.6282775	2.0397367	4.6569405	-5.736198402039087	42.05341999743987	1.0117592811584473	-96.97805892356212	0.70109904
car	1.5627617	2.0451076	4.61739	-3.593979003513825	-41.13826999965608	0.7797505259513855	86.69531360169404	0.58457714
rider	1.587145	0.8189088	1.8331605	9.95745100036721	-21.593452013269655	0.9373047947883606	6.095686791526087	0.32632005
car	1.6139983	2.0672827	4.7831388	0.5338363592824101	40.47485400089312	1.0288811922073364	-98.38785991401106	0.66738695
rider	1.6008674	1.3125153	2.596377	-13.501617	-23.557076	0.8071837425231934	-94.31353766842986	0.48435894
rider	1.5898378	0.8195184	1.8123382	2.808532703821975	1.868194598504064	1.1571903228759766	37.688282835124014	0.7179604
rider	1.6112354	0.82500654	1.8286818	6.6263046	-25.640518	0.9048770666122437	77.2174152603042	0.57292527
bicycle	1.1995666	0.7202302	1.7604448	84.67408999971812	-22.210197002014368	0.9822621941566467	87.88587021554062	0.4589646
bicycle	1.2209227	0.70454156	1.7598445	74.43332000079526	-21.533507999311468	0.9872704148292542	68.55274656225274	0.43383735
bicycle	1.1772157	0.6952409	1.7957238	-39.66328	-21.43747	0.7252389192581177	93.73080824024471	0.3779132
rider	1.6202327	0.86316854	1.8831569	8.185241989525318	-2.7326735994635616	1.20558500289917	-141.97342290424157	0.7818631
car	2.5829694	2.2916818	5.2893386	-42.92385	-7.655426	1.4599435329437256	-0.14607475130089548	0.7578045
car	1.5807111	2.0389922	4.6442375	-42.480133	-10.870956	0.8593018054962158	0.9682979325433649	0.7498893
car	1.5774459	2.090343	4.6827364	51.379883	5.5205	1.0374054908752441	179.87700627913742	0.82058513
rider	1.6032084	0.8248524	1.8240823	8.98222258122695	-33.728102855475186	0.8100860714912415	90.0383533334224	0.30309382
car	1.5866606	2.0526855	4.543067	61.711105	8.981789	0.9517934918403625	-179.0866832690424	0.56365377
rider	1.6008216	0.849979	1.8090534	-27.124557	-13.795334	0.8870600461959839	11.270081012376837	0.6180169
car	1.6118822	2.0700104	4.7070723	74.01118507870216	1.820167505887028	1.0184854284418918	-178.88254257512907	0.44177327
car	1.588713	2.0585158	4.6700644	74.83362876732271	8.93638624102436	0.9298832954320275	-179.53868469774633	0.4776485
rider	1.606625	0.8563617	1.7931691	55.078933604198824	10.852134832959416	0.9021486668322751	175.73449654752469	0.43158332
car	1.5917757	2.0565467	4.6759877	-87.12049026529397	-13.871597950411866	0.8560878356582009	0.8670813592329459	0.52444047
car	1.5820591	2.0614865	4.670184	-58.88030030526519	-7.589481823859632	0.8921364302621058	1.8272078810508083	0.6173246
car	1.6014489	2.0606194	4.688331	-96.66824846873064	-10.965722612776215	0.8856070572583441	0.36059551151982044	0.545093
car	1.6120093	2.0771646	4.768204	93.47124684889333	5.7131300545252195	1.013951287550654	-179.13894104638217	0.72725236
