car	1.6676655	2.0920694	4.6947603	-91.02395942688989	0.1472712729406693	1.0420422554016113	179.31627506903604	0.40289134
car	1.5820929	2.0825205	4.5317574	9.81621550871703	-2.6994169971346436	1.1361122131347656	-171.61314492072785	0.8788086
car	1.7607368	1.8872159	3.7915814	31.594893995533308	9.659035001866474	1.148849606513977	-177.24770264634066	0.6586743
car	1.7684945	2.115914	4.6801925	-11.680861998075962	-3.6051560006098153	1.2019867897033691	6.192484232443507	0.7241979
motorcycle	1.2609731	0.7568692	1.7750411	52.622009998932214	-21.283233998702514	1.0963718891143799	3.538511777597503	0.6525329
car	1.6295897	2.047814	4.652402	-5.752060004352391	42.02480999230564	0.9965384006500244	-97.55056580667943	0.68928826
car	1.5575454	2.0551555	4.6128163	-3.6175459972533286	-41.0490299997474	0.7816752195358276	85.38932679087425	0.57329273
rider	1.6179526	0.85755396	1.8316805	9.422713998922596	-26.261382993561945	0.8932288289070129	83.00794035561428	0.5289585
car	1.6122245	2.078121	4.7721014	0.563362098878594	40.487273998469355	1.042982578277588	-98.65199613582014	0.6394262
rider	1.7111273	1.3906674	3.1529925	13.213637998322831	2.4184340970854126	1.1106255054473877	-163.1417774063769	0.45384595
rider	1.6038451	0.8043579	1.8318979	-31.5786290115562	-15.971626003372773	0.8765379786491394	12.70787681379954	0.6370148
rider	1.6131455	0.83129036	1.8466604	6.589683508371356	-25.744834997429837	0.8714761137962341	82.27063509508974	0.40497765
bicycle	1.2045369	0.71698606	1.7659957	84.6932100001251	-22.212074001502213	0.986463189125061	87.18527039161575	0.43269414
rider	1.6091789	0.8305031	1.8034958	10.115784000758596	32.72331199752382	1.1525030136108398	2.642828090598711	0.5231298
bicycle	1.2281817	0.7026976	1.7669929	74.44444000023675	-21.522216999409313	0.9874134063720703	68.04751746934689	0.42054424
bicycle	1.1845889	0.7060448	1.7977782	-39.49238000629865	-21.39015999865516	0.7427493929862976	93.13987393363355	0.44911444
rider	1.6174879	0.84107995	1.8454922	43.42822301976438	18.17449196022497	1.0398340218116289	-73.84289552774781	0.3569143
rider	1.6070589	0.85138744	1.8431749	93.89097575606347	-19.930603124573146	1.1125835105601993	-0.17789660264398485	0.39441985
car	2.0088527	2.1489518	4.9340897	-66.27059856040712	-7.570272838940414	1.5385528311721188	0.884778379372449	0.4458109
rider	1.6061566	0.84293544	1.856507	87.8542899163596	10.433389902455826	0.9325832168084958	-179.54795326445003	0.6463376
car	1.5884803533554077	2.086054801940918	4.636536598205566	-100.5970230102539	-11.142387390136719	1.0824379920959473	0.32624649366574493	0.4488344
