car	1.5927254	2.0835958	4.71971	-4.7410507	-24.918015	0.9086227416992188	-98.03547935567269	0.6960327
car	1.518147	1.9981232	4.509191	11.414825	27.419937	1.1281019449234009	88.62273834395829	0.64181817
car	1.721321	2.1209967	4.740866	2.0380478	2.8546524	1.292830467224121	41.45167608666602	0.80078405
motorcycle	1.2546945	0.7626176	1.7814201	52.59555	-21.273247	1.0959478616714478	4.344453609091498	0.60940474
car	1.6442473	2.0611854	4.7076797	-5.744606	42.024628	1.0325658321380615	-96.38133816606349	0.65822715
car	1.5629553	2.0741646	4.639184	-3.5606918	-41.138756	0.7856259942054749	87.34534270500416	0.61199164
rider	1.6180876	0.8586695	1.8297598	9.641319	-23.90506	0.8870487213134766	77.86412489167768	0.5138578
car	1.6319487	2.075933	4.802938	0.5473633	40.450928	1.0512826442718506	-97.60112798955772	0.6569971
rider	1.6073301	1.2719651	2.4934301	-9.55397	-14.834885	0.8949155807495117	-102.26504753222007	0.45626315
rider	1.6097295	0.8405191	1.8231232	-6.0735397	-4.696434	1.0898704528808594	31.5636931875086	0.68822515
rider	1.620775	0.82690316	1.8449633	6.6593246	-25.692482	0.887024998664856	77.22193684553474	0.56196
bicycle	1.2055902	0.7240991	1.7755704	84.6785	-22.246277	0.9976071119308472	87.2192164317907	0.4159288
rider	1.6154176	0.80700946	1.8049632	29.379257	30.054276	1.0408211946487427	168.68832996576697	0.3007004
bicycle	1.2241083	0.70595235	1.7758166	74.42491	-21.538017	0.9969002604484558	70.5549891966853	0.41239572
bicycle	1.184531	0.70534724	1.7844747	-39.428482	-21.349846	0.7472296357154846	93.03731181305663	0.40298077
rider	1.6377131	0.89286876	1.9293838	20.470016	4.4738464	1.1712819337844849	-156.0371375751347	0.7625337
car	2.597825	2.2962878	5.214206	-42.919273	-7.66243	1.474359393119812	-0.4705565482006912	0.7310768
car	1.5862037	2.0588787	4.6664667	-43.090847	-10.903709	0.8453618288040161	0.6771816097390815	0.7360794
car	1.5875537	2.1099956	4.716038	55.74994	5.4813232	1.0192437171936035	179.99669168396355	0.72998774
rider	1.6239963	0.8560821	1.8477999	8.987373	-33.732384	0.7956606149673462	98.15249512399255	0.38264933
car	1.6109409	2.0948055	4.736844	71.65789932012022	9.222641074181492	0.933250469539928	178.8599023192633	0.50903916
rider	1.6232972	0.85578585	1.8524108	-37.11104409290268	-17.56595720083423	0.8708276054007094	5.357090625248418	0.51612735
car	1.6104141	2.0897753	4.79821	88.67882446090756	1.9856167588980846	0.9506792285276049	-179.66888859389428	0.7522809
car	1.6378391	2.094079	4.7896266	92.69596642382153	8.768643413201325	0.9790350706998296	-179.33220807913685	0.7283304
rider	1.6343205	0.852249	1.8365165	60.97488064940777	10.031999434846389	0.9309168108924943	179.85912484389033	0.54363185
car	1.6007838	2.0938895	4.6813016	-100.37320392623278	-13.914299244993586	0.960512852369618	1.5633918243590659	0.4070638
