car	1.6027895	2.0903175	4.7083645	-84.35413004953806	0.2272491610253507	0.9639366276274259	-179.46782148510746	0.43745887
car	1.5648983	2.067477	4.512299	10.626945508476435	-2.5522307999263405	1.131832124790634	-174.07845389031974	0.8237037
car	1.7173159	1.9014846	3.7923517	35.072829986631774	9.940468009366018	1.0984657974052325	-178.43567744868096	0.71958864
car	1.7540945	2.118907	4.695843	-11.62878400191903	-3.6046294980354907	1.2034804817747826	5.683075063765616	0.7195387
motorcycle	1.2597474	0.76457995	1.7877297	52.65879999611853	-21.267136001719855	1.1082421541529328	4.128325933184784	0.6588952
car	1.5843318	2.0489223	4.626582	-5.711257999874473	42.06208799515236	1.003584385410683	-97.36983302482537	0.7380885
car	1.5581906	2.0530078	4.6156964	-3.562492399053216	-41.09758400382614	0.8038225776222561	87.18777024085196	0.4988826
rider	1.6155552	0.87144464	1.8324486	9.453361491605246	-26.291846990694147	0.8612359807291021	83.98290887849858	0.59836805
car	1.609811	2.0764868	4.7639213	0.5568465990941452	40.495009997364285	1.039078474663846	-98.4955079641987	0.6481266
rider	1.6365191	1.389648	3.258507	16.130752999358908	3.487724301393387	1.1554610712988804	-156.76060487240076	0.60605335
rider	1.6081674	0.8372363	1.8373021	-33.455254015931104	-16.65095501332664	0.8753968475157201	6.5730965239424695	0.53979564
rider	1.6105756	0.81988347	1.8408293	6.661262507066912	-25.624449993402052	0.8955960896830497	77.46587022155258	0.5970288
bicycle	1.2087202	0.72160774	1.765081	84.68313600097251	-22.280869000117526	0.9739297030446252	87.94761512563754	0.43203005
rider	1.6104705	0.81660855	1.8050393	8.160217008026564	32.75500499814868	1.1583740712599067	5.391658212637853	0.51390284
bicycle	1.2288836	0.7134722	1.7745062	74.46300999838623	-21.51512100190268	0.9887602927363943	69.63365131916393	0.4395835
bicycle	1.1881652	0.7150596	1.7919483	-39.52846001434601	-21.269394017997723	0.7635367490392859	93.54628384962764	0.49376357
rider	1.6295528	0.81981593	1.8440087	42.91598933793193	19.46801403945542	1.063995361328125	-86.99970771248697	0.34594956
rider	1.6103171	0.86753803	1.8561983	90.30223296860194	-19.932099582630457	1.1707040360452083	0.025301525163894494	0.45349628
car	1.993453	2.1414864	4.8837295	-71.66368975826276	-7.634510543618937	1.4975688457489014	1.0316615974735732	0.30296323
rider	1.6049545	0.8533521	1.8461144	91.82334263562399	10.672239512336281	0.9872277865400783	179.52548376331353	0.5172081
