car	1.6052055	2.0673356	4.6867766	-82.25032009175673	0.41280363341783444	0.9401466805326066	-178.84992842184224	0.40805158
car	1.5971838	2.07909	4.5237384	10.825233012039543	-2.518806495433879	1.151648994269948	-173.62639098991326	0.7087719
car	1.6790259	1.8948561	3.742381	36.1606139942122	10.005173009791381	1.053508526711198	-178.81342106072853	0.68707037
car	1.7394159	2.1080747	4.699159	-11.627937010950744	-3.6092681996125457	1.1988282253550722	5.964526668894332	0.7306198
motorcycle	1.2580243	0.76290846	1.7824744	52.6452639983091	-21.27519199778573	1.093965173792924	3.9303802208486447	0.65731525
car	1.5780313	2.0414429	4.641475	-5.699898028601289	42.0568999764477	0.9953612611975586	-96.51897074670747	0.72609246
car	1.5543237	2.0344226	4.6212916	-3.6046676905553516	-41.113101994774695	0.7977417099971262	85.63555511045321	0.5145806
rider	1.6092901	0.8429093	1.8391216	9.410232971829272	-26.137718039113818	0.8889965997312572	83.63903617454513	0.45564654
car	1.6128987	2.0548973	4.6993856	0.6250610263998699	40.48558000176847	1.062507149363256	-98.2576483339003	0.6665145
rider	1.7347656	1.3970587	3.1946466	17.061577002103142	3.847061207642374	1.138445863424721	-156.61424074867656	0.45003125
rider	1.5864508	0.81971586	1.8263696	-34.081512022603555	-16.81041701323909	0.8781744249698136	5.281056959407836	0.37235737
rider	1.6160779	0.8285978	1.8492838	6.67584999713607	-25.57296801848173	0.9213585244470011	78.13487359037698	0.54091763
bicycle	1.2060362	0.7177111	1.7705011	84.7194799899631	-22.237792992756546	0.9670273083446119	87.87796085648175	0.40084597
rider	1.6097815	0.823301	1.7972305	7.565620418328971	32.74301000086493	1.176538004845952	4.498549506956155	0.45313007
bicycle	1.2245107	0.70767075	1.769512	74.42798000318845	-21.549193997076255	0.9909828916419059	73.07946809505702	0.41222566
bicycle	1.1845639	0.7142187	1.7982247	-39.62177699259443	-21.36934698929842	0.7329191012714773	93.49001675124508	0.45406523
rider	1.6290263	0.8220507	1.8391119	42.808119473287725	19.76076628467506	1.0486819646892656	-93.53267629156815	0.31895635
rider	1.6069273	0.87467897	1.8651025	89.19959479885834	-19.92380661696821	1.1468494594298448	-0.4458449237835851	0.3903935
car	1.9697851	2.1172013	4.8407764	-73.60319697394752	-7.513117495361641	1.4776268005371094	1.2587722175656673	0.3254147
rider	1.6096778	0.8456206	1.8565787	93.18302400274374	10.675132347561476	0.9668085799394817	-178.72347429954863	0.47797018
