car	1.5931218	2.0693073	4.7025347	-6.0515976	-34.992096	0.7986814379692078	-93.59898803689886	0.706912
car	1.5816901	1.9825158	4.420147	12.435547	37.182068	1.0495085716247559	83.4946596358694	0.68231815
car	1.7497736	2.0859454	4.651192	7.0277863	9.648796	1.2583999633789062	59.25015185610043	0.698509
motorcycle	1.2566034	0.7662347	1.7770506	52.61168	-21.26812	1.087781310081482	4.538055321115509	0.6355218
car	1.6403295	2.0474813	4.6409397	-5.7261887	42.038467	1.0079231262207031	-96.91502353459889	0.66702384
car	1.5564893	2.064365	4.597713	-3.4815521	-41.084827	0.804553210735321	86.40005818425273	0.643353
rider	1.600045	0.836285	1.8491614	9.969994	-22.494812	0.8897593021392822	76.80399757022165	0.3456563
car	1.6127763	2.07291	4.777299	0.5275116	40.45755	1.0442757606506348	-98.42171545417952	0.68827593
rider	1.5949382	0.9526952	1.8501328	-12.664444	-20.676872	0.8575825095176697	-81.69503809194539	0.5730846
rider	1.5982593	0.8390069	1.8163344	-0.09907532	-0.57946014	1.1628841161727905	37.4134360229227	0.6555586
rider	1.6164614	0.829483	1.8349707	6.636322	-25.632004	0.8923164010047913	76.69866239284173	0.57684314
bicycle	1.2043092	0.7163772	1.7626592	84.684616	-22.22937	0.9764696955680847	87.2529029247772	0.40475032
bicycle	1.2267171	0.70567274	1.7667987	74.46057	-21.511421	0.9892492294311523	67.5246938091391	0.44504705
bicycle	1.1874586	0.7019204	1.8027575	-39.66379	-21.399376	0.7469905018806458	94.26334442945226	0.3854725
rider	1.6202189	0.870246	1.886095	11.886368	-0.0154800415	1.2333413362503052	-146.6076242938252	0.6473847
car	2.5725574	2.2863605	5.23473	-42.899693	-7.649391	1.4884573221206665	-0.12342584401313315	0.75996184
car	1.5892304	2.0459878	4.6590457	-42.54086	-10.91346	0.8638367652893066	0.8009514676888825	0.7033666
car	1.5716289	2.0890908	4.663275	52.194977	5.490341	1.0186760425567627	179.35579454357375	0.5928944
rider	1.6165618	0.84221923	1.8369395	9.007515	-33.703606	0.8131317496299744	92.35176572606245	0.3207465
car	1.5851271	2.0626884	4.6728587	64.98618996800202	9.06330100780631	0.9819545149803162	179.60271954244803	0.48222235
rider	1.6003236	0.83738524	1.8204892	-30.659637009024628	-15.37637301726388	0.8729406548061291	11.122425982899502	0.6742883
car	1.584528	2.0546732	4.66272	78.73769933156765	1.8385087452642184	0.9958971861790573	179.94041092520263	0.5966168
car	1.5960609	2.0689197	4.697046	79.76847737583451	8.936926746952471	0.9077452209858592	-179.84062687038508	0.47394425
rider	1.6078906	0.86644363	1.8034898	56.91735901732042	10.48433675569559	0.910922278300859	179.10765377102717	0.45574287
car	1.646255	2.083502	4.708871	-91.42831590781712	-13.961909778328037	0.9948235900507996	1.6325543198946153	0.62679434
car	1.5818855	2.0565205	4.65905	-61.18829150624573	-7.6442554277553265	0.8297451118160879	-0.32126227332255247	0.5027176
car	1.5784732	2.0726871	4.6313553	-100.62412369447154	-10.949584788992706	0.9569075706758099	0.2963575823758505	0.444834
car	1.6031968593597412	2.067761182785034	4.732260227203369	100.60047912597656	5.613822937011719	1.0122992992401123	-179.512110936164	0.607589
