car	1.5895193	2.077719	4.6884866	-86.57479002209448	0.09735108131151458	0.9694067823297061	-179.32929158836126	0.3859055
car	1.5561017	2.0677254	4.495325	10.460190005399228	-2.5769423996798637	1.1299694770075135	-175.10285932241658	0.8525687
car	1.7129616	1.9292839	3.860418	33.985929989922965	9.836113004955836	1.097743151330313	-177.95452477259943	0.7225353
car	1.7630992	2.1228585	4.7140427	-11.704558997583032	-3.627212497778106	1.1999384166412312	5.885207682062975	0.7713567
motorcycle	1.2548985	0.7629116	1.7807343	52.58326700360042	-21.2780079996273	1.1034302711697848	3.747863905847564	0.650112
car	1.5886014	2.0482612	4.643757	-5.689918503949493	42.04748499617559	0.9917837983294113	-97.10101129324563	0.72303
car	1.5537841	2.0434885	4.622534	-3.583458001135957	-41.11693599904502	0.8129584784755508	86.50244271991124	0.534097
rider	1.6126394	0.8478671	1.8322742	9.387618999439924	-26.26881400075649	0.8899613611294157	84.19285523320643	0.52420914
car	1.6567302	2.0861661	4.8009357	0.5415878003692567	40.469240000686646	1.094725963538714	-98.95015011479047	0.6925569
rider	1.7089348	1.3804504	3.1805017	15.095093001120501	3.1381301976693474	1.1233955643752367	-159.54295756288633	0.5736341
rider	1.6113995	0.83489406	1.8357582	-32.93071000773417	-16.506409003992875	0.8820290565590518	8.190813168481649	0.59660715
rider	1.6188422	0.81949687	1.840652	6.668525701444794	-25.696547997078778	0.930310370027744	77.31425368235664	0.56997055
bicycle	1.2062219	0.71859425	1.7689193	84.70073000037294	-22.2681960021128	0.977771997351077	87.89714002767114	0.4367291
rider	1.6146138	0.83155245	1.8034245	8.798431	32.738464	1.1658991575920155	4.247137073797156	0.47732645
bicycle	1.2269595	0.70932496	1.7730975	74.44171000045617	-21.52259800016228	1.0050883290179797	72.76195992129982	0.42075342
bicycle	1.1857841	0.700154	1.8089533	-39.645089995161776	-21.4361799930541	0.7170837542347961	93.57227954960871	0.41041902
rider	1.6295528	0.81981593	1.8440087	43.0156980137958	19.289830118366254	1.063995361328125	-86.99970771248697	0.34594956
rider	1.6133804	0.87928474	1.9070302	91.08498011747648	-19.869934266524005	1.18091963373044	0.14292421286068407	0.32227826
car	2.0511174	2.1455152	5.0473843	-69.77787982311804	-7.617539057676999	1.4303867052474786	1.186365382174362	0.37616882
rider	1.6170335	0.84921294	1.8644047	90.88712783738129	10.645531994592956	0.9933847247962575	-179.56391541654037	0.63094217
