car	1.594268	2.0744054	4.671677	-57.676008875445945	0.9824182948363958	1.0237177615946678	-179.1605039535919	0.5085866
car	1.619901	2.0892673	4.500341	11.017195961480319	-2.528717153708279	1.169700282757276	-174.31324847322807	0.81616116
car	1.7512306	1.9916942	4.021965	47.118739407829004	9.875357930492545	1.0347612086779634	170.69161761914253	0.6706876
rider	1.6082929	0.8180066	1.8077451	-20.579153085396403	15.948291612174643	0.9003000060278055	171.33410619360893	0.7055382
car	1.7819581	2.1261866	4.6633644	-11.664555633505582	-3.6101665777852774	1.2236388111188035	6.872566168101677	0.7264287
motorcycle	1.2578589	0.763594	1.772164	52.63326687415914	-21.273758447913213	1.1004919831946722	4.246057903908294	0.63643837
car	1.6114893	2.0519066	4.6506257	-5.735915615277397	42.04093232109516	1.0203425286692323	-97.95017797690205	0.6959873
car	1.5570117	2.0468783	4.607462	-3.6680662932862638	-41.09088431962556	0.8093673970003294	86.14253273178657	0.645091
rider	1.6095827	0.8550155	1.8282758	9.461920673099428	-26.272978573968086	0.8904270995297168	84.77974606782895	0.50486475
car	1.6104069	2.0768442	4.761018	0.5701133548557746	40.52057644245732	1.0437339569339201	-98.54901225106198	0.6104416
rider	1.7627512	1.4041721	3.2073174	25.86361307469218	7.217629118044826	1.1243331767201994	-160.0972615649787	0.37397808
rider	1.6048937	0.825754	1.8456094	-37.4891081602709	-17.783377814371917	0.8621634517127745	8.86671502836777	0.4262043
rider	1.6063389	0.819206	1.8284162	6.573325277586962	-25.702664516919533	0.8999298616688236	78.23445774847578	0.51989
bicycle	1.2019515	0.7171388	1.7614509	84.67790056884047	-22.24814493273716	0.9736993024029914	87.91722078383098	0.45390138
rider	1.6175882	0.89524126	1.8286648	1.509437278424012	33.03058464482162	1.1415801471212035	-17.478103241936797	0.3357374
bicycle	1.235226	0.717487	1.7605097	73.91434483471077	-21.802084348494933	1.0295734405517578	83.57393081137656	0.3422413
bicycle	1.1924855	0.7094019	1.7836998	-39.47252853807005	-21.36224396455134	0.758864100669598	92.13873212584976	0.33910164
car	1.5994111	2.07654	4.680779	-76.58245655304097	3.1748674756171282	0.8799999102025424	-179.66412795204278	0.51332027
rider	1.6067647	0.9173697	1.8829819	41.679350362451395	21.772424669624023	1.051952607595922	163.72291904295105	0.3151044
