car	1.5461577	2.0801413	4.4848866	3.5884780188533782	-6.2429579830524915	1.0762741565704346	-141.80311896747648	0.7637602
car	1.7207597	1.9105489	3.903385	17.95471199360911	10.644874991222995	1.1829537153244019	159.4163823184205	0.57053095
car	1.7510731	2.1093688	4.6699877	-10.578346007576108	-3.49308009977172	1.2206584215164185	6.003622671703485	0.85249054
motorcycle	1.2491249	0.76147044	1.7761638	52.6368699996774	-21.242996001389212	1.089882493019104	3.763354774885153	0.6024842
car	1.6147873	2.054778	4.6774416	-5.755538999685764	42.02483999954444	1.0066889524459839	-98.13337645704651	0.6723407
car	1.5586282	2.0616617	4.612692	-3.5469055012264548	-41.10697599893403	0.8223448395729065	87.2194213374658	0.60000515
rider	1.6032592	0.8662788	1.8312504	9.353783006675906	-26.24007400152727	0.9048420190811157	47.77703231474479	0.61541396
car	1.6104654	2.0727043	4.7714205	0.5482864393251539	40.497709995989204	1.0404472351074219	-99.00139787790673	0.6572027
rider	1.6737472	1.3492291	3.192667	2.1552658	-2.36203	1.172111988067627	-145.42337877477172	0.38962647
rider	1.5813546	0.83290756	1.8265845	-21.866653003952543	-12.079742001026235	0.942384660243988	11.147315192235027	0.6535772
rider	1.6082892	0.82917994	1.8364015	6.656257600841098	-25.721747993889224	0.9175683856010437	77.6460506118575	0.5604118
bicycle	1.2019821	0.72418255	1.7656983	84.67313000009582	-22.25080100010399	0.9841126203536987	87.12797876485767	0.40323555
rider	1.5888934	0.8172524	1.7788005	18.077816946919043	31.800674392952228	1.0703283548355103	-4.64810515025559	0.43838444
bicycle	1.2227092	0.7058451	1.7680343	74.44133000097158	-21.510039998842128	0.9821617007255554	69.42903251200869	0.44949394
bicycle	1.1819943	0.7121195	1.7854054	-39.604983994581474	-21.33546400177231	0.7465904951095581	93.02396562341838	0.45581377
rider	1.6309276	0.92068577	1.9535024	40.62764	12.386917	1.0288411378860474	-135.7843221199154	0.8000581
car	2.5888164	2.2695084	5.327364	-50.00221998805157	-7.500381499460722	1.4845992318001038	-0.5285858353891195	0.6219274
rider	1.6155369	0.8233913	1.8466929	74.12361000745959	10.2880939987458	0.940208077645206	179.6634945656828	0.43559933
car	1.6148994	2.058238	4.700185	-67.16874988300204	-10.892441174482325	1.0140680729875093	-0.08779957730234665	0.4456473
car	1.6384968	2.096361	4.7544575	78.34650764765058	5.800926913056199	1.0264098588813795	-179.6246767793968	0.6384231
rider	1.6192669	0.8375959	1.8530706	8.621986389160156	-33.893165588378906	0.7953017354011536	84.06429741264846	0.31683707
car	1.5894214	2.055445	4.6608067	-92.19255781662795	-10.775808169892823	0.9355290040445183	0.6970233092779685	0.38346338
