car	1.6563624	2.1054728	4.6860404	-40.10669004869969	1.1758634504067411	1.0904202659571425	-177.37496956114552	0.62873244
car	1.588009	2.080466	4.4972267	10.963475548712612	-2.5106983114655077	1.164155228372799	-174.16069619811586	0.8160076
car	1.5715855	2.0914817	4.526234	54.337795185579466	8.876600168517179	0.9332618242290316	177.49302437199285	0.7385241
rider	1.5792575	0.83057594	1.8422062	-11.341427797001918	14.6212557863495	0.9665766110855394	173.67382164474267	0.7199632
car	1.7429684	2.1225295	4.665213	-11.641516016645015	-3.608005144148362	1.2091046725479444	6.442093495661624	0.7288849
motorcycle	1.261659	0.7620583	1.7768309	52.64633672668485	-21.27075853357664	1.1041285192280839	4.36675417673159	0.6603736
car	1.6016203	2.056101	4.639485	-5.707476809379935	42.13024408600926	1.0280840155923983	-97.93260475394128	0.67751664
car	1.5635444	2.0585601	4.6031923	-3.535847376172209	-41.07506357196736	0.8287054012723516	86.58571638627204	0.5850728
rider	1.6100831	0.84592575	1.84002	9.425094343101017	-26.169399586717915	0.9154713084363664	75.54067212095777	0.42898482
car	1.6330245	2.0893369	4.7763596	0.5510755272839785	40.457541574736894	1.1106089763238174	-99.38121445236739	0.7093199
rider	1.754463	1.37944	3.0908937	30.11907904578038	9.045103801533868	1.111500116267763	-153.65740404565386	0.4669663
rider	1.6040397	0.83261716	1.8413839	-38.026008904957806	-17.766678550764848	0.8395021481016087	8.654255164045354	0.457975
rider	1.605642	0.82918906	1.8372834	6.589488505887929	-25.727927299400164	0.932635808768179	77.02891569959017	0.5204993
bicycle	1.2053214	0.7248661	1.7691624	84.68632013209341	-22.22638504643617	1.015207066373474	86.97700426344372	0.42112926
rider	1.613326	0.87057203	1.8046561	-1.9237881150517702	33.38262338298306	1.0880751404964712	-2.171178028885486	0.51204103
bicycle	1.2281243	0.71151	1.7718487	74.25943724015329	-21.704214013792008	0.9997223444824535	81.60318900939612	0.4569367
bicycle	1.1824867	0.70715266	1.7930691	-39.538669079509354	-21.436153061488334	0.7391333433651219	92.44426014780277	0.3339032
rider	1.6019086	0.88110584	1.8783098	71.32610730532525	-19.459606181694063	1.2134441696432106	0.16682304476655868	0.35081834
car	1.6042764	2.0867715	4.702092	-65.69166991776574	3.539339113367912	0.8714204430580139	-179.24562860121776	0.5013115
