car	1.6031963	2.093402	4.6795864	-10.167038	-81.922455	0.8516815900802612	-94.97306713798865	0.49980628
car	1.6335169	2.0933068	4.8197823	15.559929	61.411926	1.0467313528060913	85.83255142649472	0.59088886
motorcycle	1.2674266	0.765953	1.7854463	52.58902	-21.278946	1.095745325088501	4.298595719004032	0.59359246
car	1.5995406	2.07059	4.6630206	-5.8066635	41.95665	0.9799556732177734	-96.82299271194852	0.68133265
car	1.5708863	2.0778165	4.655962	-3.615219	-41.089024	0.8241190314292908	85.6146000900796	0.61516845
rider	1.6206524	0.8579404	1.851351	9.819191	-21.414047	0.9140609502792358	78.27475586457886	0.5792301
car	1.6363732	2.1002977	4.805874	0.5188446	40.448135	1.0640608072280884	-98.1686543841096	0.6856763
rider	1.6171042	0.85515827	1.8444585	19.812721	22.05558	1.1241694688796997	48.91689526457154	0.6416848
rider	1.6277348	0.84591866	1.8504758	6.856186	-25.298172	0.9395449161529541	75.56575257559005	0.6935511
bicycle	1.2092481	0.72982454	1.7851045	84.67992	-22.26471	1.000077724456787	87.46398309088728	0.4052156
bicycle	1.2326118	0.7133007	1.7826179	74.42793	-21.548195	1.012742280960083	69.19624600471631	0.39798716
bicycle	1.2004946	0.7123233	1.8169589	-39.68597	-21.463676	0.758794903755188	93.5462155477359	0.3840131
car	2.6413755	2.305725	5.290949	-42.939167	-7.6312256	1.4982465505599976	0.015097222543895445	0.6779
car	1.6056308	2.0702367	4.700468	-42.57029	-10.908539	0.8935930132865906	1.144906133912385	0.68402106
car	1.5848445	2.1144252	4.694803	51.110535	5.5033417	1.0319563150405884	179.82280872807337	0.7828377
rider	1.636765	0.8594439	1.8643881	8.871391	-33.80327	0.843757688999176	87.27966360594532	0.3415811
car	1.7195137	2.1427321	4.6028724	42.83969	10.534729	1.10420823097229	161.09639711837937	0.8894126
rider	1.6347626	0.88119185	1.8295038	-2.5245972	2.2250137	1.1396499872207642	29.652018861470413	0.7086276
car	1.6227415	2.1286008	4.681062	54.12246698557356	1.8060074007434508	1.072961449623108	-179.31417637972802	0.62327963
car	1.5568895	2.105065	4.6772475	52.442627	8.608307	0.9210322499275208	-179.86543411745058	0.8644501
rider	1.6274136	0.9050684	1.856985	46.23889	14.008957	0.8873198628425598	159.47640602084655	0.43569314
car	1.627171	2.0986135	4.7512307	-60.116867	-14.037239	0.8775691986083984	0.5046373709262193	0.6680623
car	1.5943445	2.1023824	4.6998024	-52.451805	-7.582901	0.8820934891700745	1.2639426707673669	0.78350127
car	1.6209341	2.1075976	4.697353	61.50087	5.5584106	1.0321259498596191	-179.58457673877965	0.7126196
car	1.6256974	2.1253052	4.773058	-64.18103699760319	-4.299122439294476	1.010733723640442	0.7906173914746534	0.6407932
rider	1.6199139	0.8338777	1.8560193	81.75101	15.546165	0.9820743203163147	179.77659566814904	0.4735531
truck	2.451229	2.4284408	6.228707	70.17011996554771	8.699303018770067	1.417877078886157	-179.4419350681531	0.33113804
rider	1.6305085	0.833594	1.8454059	-28.14586737734003	-14.776635239943943	0.9506188436864491	10.79468618576561	0.60204774
car	1.61734	2.1062407	4.7238436	-85.1209936324862	-14.255445954067667	0.9501022465094735	0.7448346334680578	0.4937193
car	1.604171	2.097557	4.7142706	-90.51234336908246	-10.495364602355579	0.9450662012155249	-0.1742834325730481	0.3456189
car	1.5939487218856812	2.0987324714660645	4.697737216949463	-100.02035522460938	-13.792373657226562	0.966442346572876	2.345953975166878	0.30044666
