car	1.6676655	2.0920694	4.6947603	-93.79262628066965	0.09022079882200795	1.0420422554016113	179.31627506903604	0.40289134
car	1.5814434	2.0797975	4.52884	9.367531	-2.8324966	1.1518572568893433	-170.4918532552543	0.884931
car	1.6792766	1.9128857	3.7493834	30.36789	9.564293	1.1054378747940063	-176.1473591710516	0.58869576
car	1.7398512	2.0849233	4.66007	-11.657387	-3.5835724	1.2054725885391235	4.969579842687745	0.7189308
motorcycle	1.2563108	0.75968754	1.7738417	52.677094	-21.249146	1.0779842138290405	3.7517366231069613	0.60586214
car	1.6405749	2.0402403	4.652357	-5.762207	42.012268	1.009653091430664	-97.43887001563492	0.6579761
car	1.5569029	2.0354216	4.6141276	-3.5847168	-41.086205	0.8019853830337524	84.82594546737492	0.51298016
rider	1.6057231	0.85137933	1.8284132	9.413063	-26.225914	0.8789518484042276	82.85738932592886	0.48705268
car	1.6041576	2.0682983	4.7556434	0.5668869	40.495728	1.0238398313522339	-98.89158551152585	0.6380487
rider	1.6575726	1.3557751	3.1976717	12.324486	2.0967484	1.1173176765441895	-163.56832955023336	0.68185574
rider	1.5941932	0.8309937	1.8151088	-30.961632	-15.761688	0.8397130370140076	11.010335748430421	0.69630355
rider	1.6082959	0.8200322	1.8326396	6.620201	-25.783173	0.8930881023406982	78.16476249818496	0.44838008
bicycle	1.200145	0.7231136	1.7632504	84.68219	-22.247955	0.9770711660385132	87.03466472041696	0.395659
rider	1.590187	0.8359529	1.777539	10.7944565	32.658417	1.1101008653640747	1.8101665590716265	0.42625952
bicycle	1.2228358	0.7055521	1.7651906	74.44684	-21.5262	0.9755200743675232	69.00233693417965	0.42919555
bicycle	1.1686779	0.70318145	1.788702	-39.589203	-21.383774	0.724496603012085	93.56065456764135	0.43428037
rider	1.6258339	0.8444294	1.837552	43.50458550174927	17.794627202602687	1.0317950248718262	-100.80456696501645	0.32424724
rider	1.6052494	0.8599602	1.845043	94.6580353160889	-19.846085096992333	1.1566796102158037	-0.10622059749387104	0.33209306
car	2.091645	2.1418574	4.974936	-64.59666492760621	-7.535045828112768	1.5162892553957477	1.3151349385966125	0.39609608
rider	1.6064914	0.8413384	1.8416966	86.61660350760464	10.434563874101315	0.9381461387019954	179.7319877026797	0.6671786
car	1.5962417	2.063662	4.660314	-97.53800143374241	-11.095690463843946	0.9730592055869529	0.7538641435508148	0.6208027
