car	1.6095216	2.1126227	4.748807	-33.19652546285021	1.296373894691471	1.0977727793357417	-178.26316736081395	0.8244424
car	1.6244559	2.0842507	4.5151744	10.987487981389238	-2.533259506610577	1.1646778909012028	-174.53033920580776	0.81756026
car	1.6041738	2.0870564	4.4778323	57.64437885400082	8.692355728317345	0.9436339668046116	-179.25963731920547	0.6803198
rider	1.6061896	0.83944315	1.8500034	-7.965316191883764	14.212421531412312	1.0552036922698562	173.90567924630793	0.77948976
car	1.769164	2.1262772	4.706986	-11.682824015308551	-3.626531818692471	1.2158104877486267	5.3695557204836915	0.7712385
motorcycle	1.2645892	0.7640934	1.7941483	52.66465793191393	-21.29957516590522	1.0890930334053337	4.460669277819265	0.6688234
car	1.5910107	2.0644662	4.6767683	-5.785404256280744	41.950380957058115	0.9863131840153869	-97.91991426246338	0.6896351
car	1.5682175	2.0697184	4.627189	-3.532512017255545	-41.080965918194956	0.821799442946201	86.34812142580395	0.61170685
rider	1.6116033	0.8321551	1.8369715	9.3602125443771	-26.117909213016627	0.9300612152421763	45.36600285848697	0.4118424
car	1.641092	2.0841377	4.767177	0.5807878309735846	40.44999010462653	1.0943225691768248	-98.70094127141246	0.6230262
rider	1.7394532	1.363965	3.164612	31.426646688861066	9.708220792078617	1.087847319777211	-151.93037022344862	0.60066193
rider	1.6111839	0.8335065	1.8436835	-38.10741985252115	-17.793422940924472	0.8514532127508119	8.290704685093084	0.523907
rider	1.620307	0.8163863	1.8362755	6.593819539402312	-26.013033962102217	0.8807922234736338	84.13919726708681	0.4881598
bicycle	1.2079563	0.7205483	1.7749448	84.69984546749043	-22.232767684022086	0.9972069927621305	86.99892917067945	0.41958115
rider	1.6146095	0.85361964	1.8051841	-3.249781256140116	33.575228002310645	1.0246030284073413	2.182739717917482	0.57123476
bicycle	1.232247	0.71102846	1.7752534	74.41236031837896	-21.59211439394519	0.9797108388876268	66.61569125325877	0.4022694
bicycle	1.1888247	0.70683086	1.7998612	-39.6698108128405	-21.45595260745093	0.7238558777069102	92.2533017189875	0.32689127
rider	1.6148051	0.8947481	1.9031653	69.93608888738088	-19.33232018339165	1.2307536071563163	0.6141253033215237	0.4132972
car	1.610744833946228	2.080488443374634	4.691431999206543	-61.99860382080078	3.4800491333007812	0.9371208548545837	-179.3000335624351	0.47650272
