car	1.5867715	2.0722792	4.6815147	-81.20381008152651	0.3528290002002517	0.9228913296639973	-179.4320039730999	0.48651776
car	1.5886273	2.07328	4.4902573	10.892563002371073	-2.4932709006166403	1.1349114177826607	-173.2911721356382	0.75412583
car	1.7016172	1.9172891	3.7553155	36.81208795851194	10.031593015751415	1.0811274030011475	-177.28078125249104	0.69311804
car	1.748213	2.1225524	4.681811	-11.68917799142301	-3.6071014015675185	1.2197478966158712	5.692357290847664	0.7336555
motorcycle	1.2534219	0.76109093	1.7772336	52.636779996654894	-21.26488499633326	1.0982655277779543	3.8356045159255476	0.63105386
car	1.5677832	2.0356684	4.597612	-5.859847986806393	41.925186018600044	0.9646472360337128	-96.98381293105103	0.65390587
car	1.5558631	2.0559294	4.5980086	-3.5518494016534565	-41.08387999865353	0.7929495020110124	87.92924191677021	0.54917073
rider	1.6104592	0.849561	1.830674	9.258835016131602	-26.343101976322707	0.8832358154135136	83.09338602213114	0.45992064
car	1.6045913	2.0699582	4.74897	0.5490036050558817	40.49546999870628	1.0491100673337712	-98.63714388946995	0.6777988
rider	1.7185911	1.4007641	3.1694763	17.535545000137752	4.077369688837587	1.1771916044755812	-156.65021535503502	0.58186984
rider	1.596986	0.8181889	1.8283114	-34.34077498956439	-16.917617997959315	0.8815230117668733	7.575945879018761	0.4446793
rider	1.6181406	0.8223607	1.8381755	6.6579970032721105	-25.692054992395324	0.9158806785255109	78.27550718538754	0.57073826
bicycle	1.1960142	0.7054106	1.7556199	84.66462999755457	-22.197563000709977	0.9745263466544429	87.73378922348112	0.45246395
rider	1.6170454	0.8356612	1.8053137	7.296371502822157	32.771071984118215	1.2364153787591192	4.647235894998163	0.4888287
bicycle	1.217377	0.70628405	1.7643675	74.44526999858246	-21.532836999709957	0.9973281004167092	73.03419760123818	0.40721327
bicycle	1.1814668	0.7136098	1.7845765	-39.58027599968193	-21.31517000539966	0.7510584576194503	92.83513821362426	0.44716918
rider	1.621102	0.8390256	1.840848	42.70010434347121	19.986565159639063	1.100927366614485	-74.66701420017051	0.3896059
rider	1.6001182	0.8592157	1.8487344	88.58622107384414	-19.92958965202182	1.1530223439358238	0.4108725340002843	0.42823443
car	1.9697851	2.1172013	4.8407764	-74.09364849384785	-7.520207521623993	1.4783069069319623	1.2587722175656673	0.3254147
rider	1.6013856	0.84307307	1.8601787	93.96908822442815	10.694974400999564	0.9934680740581499	-178.36491668887965	0.49851587
