car	1.5991169	2.069509	4.711174	-83.26333606200852	0.34953308420744433	0.9759535129415688	-178.98136858222998	0.39874834
car	1.5984707	2.0782504	4.5319247	10.698051015161276	-2.551612896089172	1.1651835417387701	-174.02392165998634	0.7671934
car	1.6864967	1.8929648	3.7533188	35.63479598136114	9.995346004212832	1.0501456266694476	-179.75164316587816	0.70394754
car	1.7397257	2.0893133	4.666742	-11.644881997979999	-3.588150002517486	1.1980000735810066	5.275831864692776	0.71117425
motorcycle	1.2590618	0.75749826	1.7751426	52.62761000204677	-21.282546998951872	1.1087712023009004	3.974858412723768	0.64015305
car	1.6113294	2.0440154	4.6532164	-5.71020499877131	42.021423004229185	1.01184665861987	-97.00164100544524	0.68445563
car	1.5497679	2.0458746	4.592594	-3.5545502059744716	-41.12967999802375	0.814267930413564	87.70644114604441	0.5790256
rider	1.6121982	0.83871317	1.8438724	9.38249200354331	-26.20818299184703	0.9368999514752581	29.867688914702736	0.4716294
car	1.6224718	2.0712404	4.768904	0.5492477490376496	40.472900001511576	1.0494643473105683	-99.01238338341305	0.6687461
rider	1.6338876	1.3499118	3.1024563	16.588707001198877	3.6876219963838235	1.1282337922237033	-156.35395589978572	0.58325475
rider	1.603516	0.8481184	1.8285625	-33.738760024244385	-16.79843899701931	0.8718871485508579	7.639466638299879	0.48663574
rider	1.6219267	0.8395933	1.8532363	6.715949995537152	-25.588286995663143	0.9409639800300376	79.02166437107643	0.5766305
bicycle	1.209094	0.7184081	1.7671437	84.69122000356138	-22.278059995415713	0.9707252376619699	87.49333924394001	0.3992421
rider	1.6089133	0.82115924	1.7967083	7.950515692358355	32.74708599486851	1.160700920075847	1.8769248280193311	0.40693626
bicycle	1.2285173	0.70908856	1.7707466	74.44875999747768	-21.53120400224586	0.9922220108677529	67.99041708788559	0.42179084
bicycle	1.1798089	0.7030401	1.7995317	-39.645472997440145	-21.420196993630242	0.7261066448949194	93.25396541352944	0.4334019
rider	1.6295528	0.81981593	1.8440087	42.86613495076347	19.557106691228704	1.0639952691376067	-86.99970771248697	0.34594956
rider	1.6118708	0.87134176	1.863473	89.86100462293433	-19.967680869011716	1.159931896030173	-0.4436046217358209	0.42000443
car	1.993453	2.1414864	4.8837295	-72.30832857884906	-7.6192070268915	1.4974984367461133	1.0316615974735732	0.30296323
rider	1.6030102	0.8512405	1.8501173	92.48278118482017	10.720911552229149	0.9517633857907448	178.98992863049284	0.49670947
