car	1.5960913	2.0697544	4.5400476	3.9047852	-5.958626	1.0974299907684326	-144.24636301095467	0.78448033
car	1.7565075	1.8226357	3.7050292	18.446762	10.445038	1.1810731887817383	160.2509767934827	0.6739943
car	1.7311779	2.109336	4.690421	-10.705452	-3.4892502	1.2115620374679565	6.871937790698036	0.78653246
motorcycle	1.2514566	0.75849223	1.7652931	52.630722	-21.26677	1.1032742261886597	3.8451257996285455	0.5980861
car	1.635428	2.0532339	4.697118	-5.750267	42.017197	1.0263811349868774	-97.27774073047242	0.6638163
car	1.5620451	2.0582798	4.6143394	-3.567482	-41.089092	0.8303967714309692	85.99426298528394	0.5480328
rider	1.6064631	0.8672782	1.8260056	9.462059	-26.266304	0.8714850544929504	84.54224673000927	0.64543843
car	1.6802644	2.082609	4.816062	0.5369644	40.43042	1.121802806854248	-98.8541048484554	0.699921
rider	1.6617657	1.3357481	3.060422	2.5740814	-2.0923157	1.1881763935089111	-147.75409886676852	0.38525537
rider	1.588697	0.8160125	1.8153652	-22.293022	-12.235672	0.9431222677230835	12.58433235209235	0.6855456
rider	1.6053013	0.8175945	1.8383194	6.6684494	-25.624283	0.9176077246665955	78.27211941155922	0.6121543
bicycle	1.2034181	0.7269375	1.7700509	84.67557	-22.250916	0.9901271462440491	87.31716134448868	0.40816316
rider	1.5888934	0.8172524	1.7788005	17.73574	31.836594	1.0703283548355103	-4.64810515025559	0.43838444
bicycle	1.2232285	0.7063809	1.7711242	74.457214	-21.49208	0.9887970089912415	71.7611186418395	0.46160394
bicycle	1.1795238	0.70538825	1.7940726	-39.519028	-21.365944	0.7375290393829346	93.99198101372765	0.486711
rider	1.620372	0.9150266	1.8950434	41.045334	12.651039	1.0439168214797974	-133.7220489528676	0.726037
car	2.5441213	2.2708616	5.3614144	-50.499374	-7.4906235	1.469943642616272	-0.003829231646209888	0.62398976
rider	1.6132174	0.8227361	1.8429507	74.83679	10.281075	0.9438064694404602	179.82827970959855	0.4462081
car	1.6140658	2.0465548	4.675318	-68.46432437426598	-10.975722873856052	0.9051620637899589	0.7008208944564956	0.5305239
car	1.6292332	2.0847888	4.74241	79.40456010878023	5.8352335114569716	1.0301332816950932	-179.49312050579317	0.63435197
rider	1.6192669	0.8375959	1.8530706	8.621986389160156	-33.893165588378906	0.7953017354011536	84.06429741264846	0.31683707
car	1.5899855	2.0521734	4.670295	-93.4547547465794	-10.840830442450669	0.907136855213583	0.32801550917885963	0.40614602
