car	1.6081573	2.0961027	4.730562	-53.0254567098352	0.9556156472348056	0.9997833380361953	-178.48212273503705	0.76595235
car	1.6192676	2.102879	4.5455437	10.984578108887732	-2.5411466283284248	1.1703784887032498	-173.09322642330207	0.82398784
car	1.6356024	2.0952694	4.5574126	48.56034101306232	9.633634676999558	1.0051926357871253	176.05698392918683	0.5416496
rider	1.5897293	0.8402683	1.8485597	-18.07264333931023	15.594228806957501	0.9429601618160461	176.0343964936016	0.647065
car	1.7441473	2.1229086	4.689856	-11.648392800076662	-3.6264579057056308	1.194944517027409	6.141961323152923	0.76342976
motorcycle	1.2636071	0.7649736	1.7774016	52.6066553141068	-21.290182492955577	1.1085178020203443	4.429243577448036	0.6283735
car	1.5874892	2.063512	4.660708	-5.7777532948449135	41.907472598617254	1.0050855425591578	-97.16571709034777	0.6712122
car	1.5623167	2.060736	4.5946136	-3.5181363328602018	-41.10205303646534	0.819017960603162	86.75660771930573	0.6515605
rider	1.6069483	0.854972	1.8334196	9.42656380737394	-26.267069593781702	0.9012015564595401	84.5187098981294	0.48419714
car	1.6070156	2.0769327	4.7452254	0.5554698110698759	40.487711653481966	1.0431780554773695	-98.93227380218526	0.6620986
rider	1.7591232	1.4305761	3.1437151	27.081536089938187	7.711412190736005	1.1670785337297787	-153.44128319993632	0.34301123
rider	1.6073887	0.8452958	1.8434676	-37.86771342878095	-17.7161191566224	0.8271996974945068	6.1617142302326	0.3832203
rider	1.6170785	0.8303304	1.8424848	6.526034219224112	-25.936689253939324	0.8738991634678257	84.1512730415394	0.38487077
bicycle	1.2075992	0.71743774	1.7644975	84.68312329300663	-22.25804516103436	0.9716696283135775	88.39238338401043	0.4416685
rider	1.6161964	0.8752861	1.8268611	0.7078881383507507	33.09045267244894	1.162471346597556	-11.189985205212933	0.36014014
bicycle	1.235226	0.717487	1.7605097	73.97967241735539	-21.767127174247467	1.0295734405517578	83.57393081137656	0.3422413
bicycle	1.1846037	0.7070284	1.7831998	-39.463943346275904	-21.37598365528005	0.738005218929839	92.48384792423217	0.40784296
rider	1.613214	0.898361	1.9096638	76.27353285137585	-19.481153590167427	1.2146674987092752	-0.6959186398652619	0.37717155
car	1.613322	2.0748882	4.6856275	-71.38700416867023	3.3868444852609265	0.9308457970619202	-178.37357736874722	0.48027
rider	1.6086924	0.8512866	1.8348358	41.67132568359375	21.778099060058594	1.0162341594696045	161.89996204404216	0.32674155
