car	1.6149199	2.0784829	4.707986	-70.87067556724885	0.5529556364824896	0.9300590743635837	-178.00885209725772	0.4772421
car	1.6077546	2.0862648	4.5293126	11.006896975103736	-2.528694172152984	1.1564863470585465	-173.4276461454442	0.8174625
car	1.6827084	1.9803157	3.9741807	41.68629444687825	10.238220175363367	1.0137234555846817	176.23047073410515	0.6022444
rider	1.6053735	0.8282096	1.8404132	-28.252281589119196	17.256256004256198	0.8230885829681114	167.5733903762216	0.4010743
car	1.7283798	2.1062949	4.6814165	-11.67802387612325	-3.624015766108036	1.1923568457255556	6.236026688402339	0.7541454
motorcycle	1.2535393	0.7595626	1.7752892	52.64344797106802	-21.254242017002603	1.0964896363782373	3.765513114662877	0.615337
car	1.5750076	2.0491319	4.6321106	-5.738258581778777	42.06393353204787	0.9738858541408462	-96.90823646099801	0.7193719
car	1.5587105	2.0498898	4.605575	-3.5395892272443112	-41.03365318974483	0.7952250910146859	86.4442768289394	0.52456146
rider	1.6029787	0.8531633	1.8354839	9.414040510626533	-26.278357897667636	0.905156098953114	81.46098447087644	0.41551703
car	1.6311127	2.0793362	4.76267	0.547965969259535	40.49555989823699	1.0761610032478472	-99.30941465003856	0.6890733
rider	1.725111	1.4252554	3.1665964	21.685691758186294	5.6209946549575855	1.1349502397054891	-156.34362182357148	0.33136666
rider	1.6025748	0.83341706	1.8260479	-36.09984700509074	-17.4566120401983	0.9080601039100742	4.3385591558377765	0.5034822
rider	1.60625	0.8310671	1.8290083	6.595245643224801	-25.6736677214055	0.9023666794669509	80.96765356750475	0.5315451
bicycle	1.2041924	0.7220321	1.762472	84.64360003309109	-22.309738028565807	0.9340891249825631	88.15395514046362	0.4313116
rider	1.611908	0.8394201	1.8218417	4.623959733649374	32.71100134219558	1.200217366218567	1.578507032992304	0.3917197
bicycle	1.2237595	0.7087401	1.7634633	74.42582997940522	-21.547546042507552	0.9794864925653854	69.07372607138463	0.41287038
bicycle	1.1931399	0.71967953	1.783419	-39.55428988935325	-21.395125779915336	0.7443358792426125	92.88588651915745	0.45903486
car	1.5864288	2.0732296	4.696416	-84.55546753233253	2.9426275167375016	0.8558172659859551	-178.51855496406995	0.39976963
rider	1.6059458	0.8739679	1.8472496	41.665979354094006	21.692645809624448	0.9924355149269104	160.99274899772442	0.31004256
rider	1.586029	0.86810714	1.8740572	83.1396160694726	-19.905172447295858	1.1556635054819395	0.15603134587793854	0.3508858
