car	1.5668588	2.0527322	4.508069	-3.5340881	-19.682877	0.9779248833656311	-103.85114040090208	0.7620108
car	1.5546381	1.9311206	4.253045	11.5288925	22.73764	1.160824179649353	93.65096332884721	0.6532056
car	1.770715	2.1274323	4.699067	-1.0328217	0.2578354	1.3106250762939453	31.464313935084917	0.8450666
motorcycle	1.2512127	0.76595277	1.7684104	52.644135	-21.256317	1.097800850868225	3.643382502113879	0.5749674
car	1.6413747	2.0445113	4.6677876	-5.7234573	42.03232	1.0260939598083496	-96.54984106732182	0.67062217
car	1.5626231	2.0358758	4.6264796	-3.593567	-41.082123	0.8136065602302551	85.48774981681413	0.57464755
rider	1.6169194	0.8870511	1.8280046	9.493637	-24.756569	0.9161298274993896	84.75569014157216	0.7168299
car	1.6591644	2.071199	4.793425	0.5767517	40.43907	1.1488744020462036	-97.5612960338655	0.6480234
rider	1.6120892	1.350003	2.9038603	-7.8739777	-11.85363	0.9079754948616028	-111.62804330875008	0.31621385
rider	1.6024232	0.84124297	1.820338	-9.563942	-6.630417	1.0700396299362183	20.47376091896902	0.60190004
rider	1.6100776	0.85143644	1.8454316	6.690979	-25.565308	0.8945391774177551	79.4726754223507	0.5744601
bicycle	1.2003341	0.72722375	1.7684506	84.68196	-22.231537	1.0000851154327393	86.76096537999621	0.40214798
rider	1.5964437	0.8177713	1.7952574	27.08343500159869	30.592498997149267	1.0647183656692505	4.551811322103915	0.4679237
bicycle	1.2211058	0.70852226	1.76959	74.45293	-21.501305	0.9915500283241272	69.3084250316446	0.4441996
bicycle	1.1703972	0.7068944	1.7807895	-39.554577	-21.307648	0.7533260583877563	93.60098000450105	0.42422813
rider	1.608411	0.89790887	1.927396	25.309776	6.6817856	1.0806992053985596	-159.14702515707904	0.76980215
car	2.6030085	2.301245	5.2358	-42.860428	-7.6488953	1.4899736642837524	0.4167738174431753	0.78638613
car	1.5989668	2.0523767	4.6615624	-45.458305	-10.991867	0.8714911937713623	0.6818534591313702	0.7123078
car	1.5673683	2.085359	4.6393614	59.1026	5.486412	1.0004878044128418	-179.63200557237622	0.80803466
rider	1.6192669	0.8375959	1.8530706	8.621986389160156	-33.893165588378906	0.7953017354011536	84.06429741264846	0.31683707
car	1.5979117	2.071824	4.710266	76.7502723899807	9.514693708528995	0.91900305986087	179.66038682961045	0.46076182
rider	1.6003077	0.8282119	1.8149537	-40.4570096339367	-18.38772756542545	0.8932181887870172	2.4066879604238602	0.49219808
car	1.5950446	2.0739963	4.7224865	95.284307610657	1.981367880915622	0.9932097176391039	179.7945317449095	0.737779
car	1.5910052061080933	2.059885025024414	4.703514099121094	101.12496948242188	8.718086242675781	0.9624930024147034	-179.53101689978658	0.43823865
