car	1.6039653	2.0952086	4.6581182	-10.440269	-86.58994	0.8177824020385742	-94.62735796692208	0.577177
car	1.6098193	2.0808134	4.71576	16.38903	68.510895	1.0282299518585205	83.48069872920588	0.58073145
motorcycle	1.2767347	0.7761056	1.7918901	52.642136	-21.272255	1.0877679586410522	4.892979271146052	0.6071841
car	1.5895143	2.0716138	4.664977	-5.7515945	41.998077	0.9759860634803772	-97.21558003260978	0.6759407
car	1.5756061	2.0755994	4.6615195	-3.6009598	-41.15243	0.8096216917037964	86.19038503711168	0.6352448
rider	1.6243879	0.8725861	1.8469228	9.942848	-21.44358	0.8966836333274841	95.9701540615251	0.5904364
car	1.6257969	2.0960152	4.8077564	0.5292969	40.45836	1.0457967519760132	-98.40769307581348	0.6736676
rider	1.620853	0.87422687	1.8708464	21.68499	24.27671	1.118591547012329	51.32399053186743	0.71559346
rider	1.6370316	0.8514484	1.8543634	6.98304	-24.983643	0.9428084492683411	79.95880730633719	0.72117656
bicycle	1.2176849	0.7348945	1.7837881	84.67038	-22.26561	1.002882957458496	87.04906275918736	0.39878756
bicycle	1.2405814	0.715061	1.7815844	74.44827	-21.529503	0.9981576204299927	69.49844089435436	0.4298818
bicycle	1.2081282	0.7243597	1.8021619	-39.62945	-21.41867	0.7675819993019104	93.2649756784715	0.4092278
car	2.587278	2.27992	5.252935	-42.951313	-7.6174774	1.4780516624450684	-0.29120944097449636	0.71364063
car	1.6077081	2.0719962	4.706758	-42.55042	-10.925453	0.8772026300430298	0.7742522582233027	0.6971811
car	1.5879802	2.1116712	4.6790533	51.112045	5.4172897	0.9955488443374634	-179.6823918778834	0.6184032
rider	1.6323757	0.8437769	1.8498292	8.921944	-33.773567	0.8149430751800537	87.96704018363705	0.3592618
car	1.7144324	2.1630323	4.646621	41.34488	11.250298	1.098975658416748	154.92270524082073	0.75632364
rider	1.6285578	0.87986374	1.8408295	0.29686737	4.3950043	1.157915711402893	37.212464536784246	0.78291285
car	1.6685904	2.135556	4.733127	52.792603	1.8559952	1.0836156606674194	-179.72000572964265	0.607529
car	1.5647801	2.115458	4.6644173	50.78328	8.650291	0.9330092668533325	-179.7971458861288	0.8702476
rider	1.6447902	0.9210962	1.853313	45.826187	14.193733	0.9080063104629517	152.5920534507156	0.3758544
car	1.618945	2.1032753	4.7219434	-57.431652	-14.044289	0.865672767162323	0.09143824689712796	0.6751684
car	1.5959424	2.1030636	4.7091365	-52.43468	-7.613388	0.887923538684845	-0.1542095066023806	0.79889786
car	1.5988071	2.1087048	4.694796	59.909973	5.586952	0.9975031018257141	-179.53409481062408	0.7828095
car	1.6177504	2.124368	4.754472	-59.674397	-4.602783	0.9575088024139404	0.6122743220564503	0.3176425
rider	1.6264863	0.83688873	1.8505207	78.8038	15.858299	0.9608346223831177	179.4006483958532	0.55032206
truck	2.2247903	2.280264	5.945905	67.241776	8.728424	1.342978596687317	-179.7851862248921	0.41588718
rider	1.6157491	0.83440703	1.8304138	-25.205644200320567	-14.08903508545425	0.9108022767827606	3.7965153433055647	0.57211703
car	1.62368	2.1117024	4.733121	-81.82939175517146	-14.258018386321174	0.9201698073087954	0.7175821786797069	0.60352075
car	1.5962464	2.0775094	4.7056556	-88.41820614099196	-10.565431779642655	0.9102523890169998	-0.19182335836164088	0.37969163
car	1.5965369	2.0850804	4.679477	-96.79232128871924	-13.902336539188795	0.8836826600132213	1.3011125602305762	0.3885336
