car	1.6812868	2.131021	4.738243	-34.91860431219372	1.2465526804604803	1.150563086066441	-177.97865583093707	0.75403523
car	1.6153957	2.0888925	4.532366	10.989307656676292	-2.511350241840458	1.1604677250276438	-174.15461049956536	0.8214641
car	1.6051157	2.0880954	4.4836116	56.94563778112888	8.698304730731964	0.9634740392546135	-179.7121373517188	0.56622165
rider	1.6021502	0.84573746	1.8648767	-8.848740998765342	14.279885210646635	1.047742296303106	177.6436095526241	0.77565396
car	1.717069	2.11775	4.659077	-11.665958772445203	-3.611671583572769	1.1922551249021254	5.379097494754199	0.7265513
motorcycle	1.2577661	0.7667019	1.7867268	52.654325848435924	-21.27047041170576	1.0957138100007668	4.172954389221648	0.66305447
car	1.6543099	2.0681055	4.716352	-5.721857402791739	42.003624689434524	1.0269682739358537	-97.56761993526328	0.63298416
car	1.561417	2.0601237	4.6268787	-3.580909348697281	-41.128528860126494	0.7965433032376019	85.56165246363366	0.5817954
rider	1.6063007	0.8453679	1.8311734	9.411418249187447	-26.255124954835438	0.8909061222535577	84.098748886822	0.5226675
car	1.6185489	2.0870647	4.7800508	0.5335703963891315	40.47027307660008	1.0646286055449394	-98.63373220997953	0.6710014
rider	1.7467264	1.4030411	3.3109791	31.14375281644431	9.547564387868205	1.0820910963673995	-153.14634880138598	0.5398952
rider	1.6099389	0.84268856	1.8464034	-38.13013110579688	-17.81910388358212	0.8643828575222834	7.438973265403325	0.5345114
rider	1.6150473	0.84448487	1.8401091	6.553896682180904	-25.87668268711614	0.8621153014169884	82.71170139093249	0.4957889
bicycle	1.2022572	0.7235836	1.7705747	84.69718541098203	-22.24586669417121	0.9933238846467063	87.25644096276727	0.4113914
rider	1.611917	0.8623099	1.8212718	-2.970054377179026	33.50670895456612	1.0718639587868282	-3.2154115001428853	0.48937532
bicycle	1.2277732	0.7127724	1.771414	74.40108300710895	-21.60598520626443	0.9758788351227317	66.61625132877072	0.3797978
bicycle	1.1888247	0.70683086	1.7998612	-39.693767134148686	-21.469324488336678	0.7238442897796631	92.2533017189875	0.32689127
rider	1.6198924	0.9006688	1.9304175	70.29779446202686	-19.50547079072981	1.2536912869693424	0.8722313218671356	0.40443492
car	1.6107448	2.0804884	4.691432	-61.99860382080078	3.4800491333007812	0.9371208548545837	-179.30003788814608	0.47650272
