car	1.6030993	2.0851593	4.65612	-9.262375	-72.284744	0.8091676235198975	-93.87102892201176	0.6355513
car	1.6169972	2.0841482	4.7873473	14.041481	47.323257	0.9658505320549011	89.08097573537444	0.60219175
motorcycle	1.2636598	0.7663674	1.7779963	52.564423	-21.272308	1.069395899772644	3.61184068852676	0.6230536
car	1.6635221	2.076351	4.672504	-5.8013535	41.950058	0.9960824847221375	-97.78408826685485	0.6576844
car	1.5727246	2.0711436	4.6424537	-3.5432587	-41.08273	0.8005285859107971	86.71446545212676	0.5104678
rider	1.6097913	0.85295844	1.833836	9.860336	-21.587929	0.8839085698127747	86.32733032997044	0.46567765
car	1.6226499	2.0924032	4.8103366	0.5411911	40.438873	1.0196462869644165	-98.5484701047966	0.6735201
rider	1.606585	0.8488177	1.8476033	15.69368	17.197563	1.128427267074585	52.877312152911735	0.7098766
rider	1.6175927	0.8308139	1.8388433	6.6011276	-25.71614	0.8872396349906921	80.30347231223438	0.48242655
bicycle	1.2063466	0.7251901	1.7731204	84.677765	-22.234512	0.9912981986999512	86.97244169707814	0.418287
bicycle	1.2265205	0.70908403	1.7730156	74.48605	-21.508629	0.9795986413955688	69.27374133103928	0.45384806
bicycle	1.1966608	0.71854305	1.7929635	-39.576954	-21.325409	0.7625247836112976	93.5759268706255	0.42809203
rider	1.6218629	0.8303863	1.8422625	-5.652481	-24.263062	0.8737640380859375	65.76631624883268	0.48466897
car	2.6001086	2.2809026	5.2580614	-42.971737	-7.620941	1.4618080854415894	0.08271609532702168	0.66534364
car	1.6050338	2.07291	4.7093306	-42.568596	-10.894089	0.8548266291618347	0.8789249072537481	0.6602808
car	1.5771687	2.1150951	4.6971464	51.10611	5.4531937	1.0211068391799927	-179.76900550674833	0.7623044
rider	1.6279404	0.85957205	1.848261	8.922707	-33.806526	0.794714629650116	88.16092193341704	0.39268893
car	1.6869851	2.1292937	4.603332	46.252808	9.406982	1.0647954940795898	173.43817328818804	0.7918979
rider	1.6266593	0.8751956	1.8375579	-8.118881	-2.184044	1.096239447593689	33.60381605107805	0.74849313
car	1.6383429	2.1593027	4.7312756	57.596786	1.8345718	1.1268987655639648	-179.24820358253487	0.55990064
car	1.5681921	2.1480708	4.787864	56.53755	8.572655	0.8896021246910095	-179.63473764804422	0.8201333
rider	1.6216944	0.87182033	1.841635	47.65946999731429	13.456482002194807	0.8212464451789856	158.90205541354018	0.3605779
car	1.602593	2.0944147	4.7341075	-66.052795	-13.982483	0.795261561870575	0.5452086945960951	0.64198214
car	1.5974343	2.1017904	4.702528	-52.85682300680667	-7.602058398626661	0.8753504753112793	0.13349855180606648	0.64122355
car	1.6181892	2.1063836	4.742522	-78.291756	-10.761681	0.8730260729789734	0.44878008389385504	0.5622107
car	1.6032512	2.0869997	4.7113404	66.39622497249998	5.7458877998951206	0.9468542345528626	-179.78467396070434	0.6961738
car	1.6289227	2.1044557	4.771322	-73.36037998479186	-4.586402944229703	0.9400258183350161	0.8538990941348213	0.606206
rider	1.6243236	0.8443152	1.8656819	87.33288590700832	15.564628970731377	0.9793729895767136	-179.53069337641742	0.45302534
truck	2.5200343	2.6201086	6.8557057	76.39325008682171	9.038460175641433	1.420333896215908	-179.65589074390377	0.46412832
rider	1.6302947	0.85200584	1.8442984	-34.10140944023598	-17.0315772258583	0.8774282288791682	8.628075048956694	0.6031434
car	1.61495	2.1066444	4.728761	-91.95286800986548	-14.371523358115907	0.9010166421048638	0.5982656040687543	0.42005527
car	1.59973	2.0922093	4.7325726	-95.0946928076307	-11.17623154498701	0.90142635890696	0.3361912456153649	0.51650447
