car	1.7414049	2.118916	4.795202	-45.06743749939679	1.0827648749855165	1.1003254656727606	-178.24060041579625	0.6359338
car	1.6062903	2.1035724	4.557929	10.976484677522421	-2.5243769904092432	1.1780607066421425	-173.32621100608037	0.80266124
car	1.5650481	2.0973403	4.5667	51.99051953682184	9.053459846324358	0.9857317923605287	178.72474653596709	0.7249591
rider	1.5892968	0.82571965	1.8383237	-13.90933223657679	14.988897793558564	0.961937724603338	172.64867172202628	0.6113245
car	1.7755321	2.1234283	4.6784573	-11.695757096815706	-3.6338031736657497	1.21428942969127	6.255916199265416	0.77586675
motorcycle	1.2668779	0.76360786	1.7840106	52.670567825376416	-21.266322928238058	1.1066240868452368	4.458893428635061	0.6536424
car	1.6143135	2.059489	4.669823	-5.756770306551468	42.01851438368499	0.9984561372314005	-97.8159647597113	0.6678349
car	1.563897	2.0627155	4.601317	-3.528658467863858	-41.14533938115656	0.8295358208924597	86.91419384383627	0.6490136
rider	1.6079277	0.8585649	1.8307035	9.425096224156373	-26.252358010590637	0.8891920500592043	85.27737999037774	0.5294904
car	1.6174519	2.075031	4.757937	0.5406837961652398	40.458718103016615	1.077556338173281	-98.82783508713389	0.6945039
rider	1.7752525	1.3722969	3.1931338	28.96129633427501	8.54309528151483	1.1276381342984223	-156.01588885662676	0.59726495
rider	1.6085703	0.83296514	1.8472022	-38.09725953944013	-17.820235154439388	0.8261751145853751	10.597771831994141	0.38233638
rider	1.6137645	0.8293027	1.8353124	6.578334149563989	-25.6415255520451	0.9078551680110145	82.90610223508939	0.5424138
bicycle	1.203127	0.72034085	1.7709562	84.68639734327797	-22.221128872880158	1.0093652735715963	87.41133599276482	0.44717896
rider	1.6495304	0.9397422	1.8257972	-0.8862208385455346	33.28022022549324	1.121783187798087	-8.250394729844505	0.46783975
bicycle	1.2330085	0.71793437	1.7619408	74.08211328446541	-21.7618231279781	1.0126302329848471	84.98656419589693	0.4726257
bicycle	1.1899805	0.7098205	1.7910331	-39.57727597326777	-21.414771247958218	0.7581538607207392	92.6371720107206	0.38159907
rider	1.608211	0.8996628	1.8988522	73.44013199682817	-19.343025649831883	1.2246594451987676	0.21602772754733054	0.3447916
car	1.613322	2.0748882	4.6856275	-69.03817440630273	3.4072062400495597	0.9307208777530818	-178.37357736874722	0.48027
