car	1.5371042	2.0541546	4.500073	-1.5271683	-13.757408	0.9924556016921997	-113.05800659074207	0.82976896
car	1.5555934	1.9293365	4.0292654	12.446709	17.538887	1.1149142980575562	107.63853505087306	0.65067196
car	1.7121139	2.1203525	4.6177926	-5.22805	-2.0752487	1.2207528352737427	18.102845163706682	0.86470854
motorcycle	1.2586049	0.76639587	1.7656366	52.64441	-21.26867	1.0908342599868774	4.267415905442924	0.59804904
car	1.5976615	2.042697	4.6287484	-5.756218	42.000504	0.9987707734107971	-97.27728823043991	0.63455635
car	1.5530282	2.052798	4.587616	-3.4835205	-41.112522	0.8177007436752319	86.15583794028976	0.64087176
rider	1.6061109	0.8782374	1.8262618	9.491745	-25.781914	0.8689197897911072	90.43208641831701	0.5483903
car	1.6467555	2.081423	4.7929144	0.5166397	40.466476	1.0933140516281128	-98.31971597043548	0.7127423
rider	1.6203763	1.3409711	2.827889	-4.931486608919109	-7.812606899511047	1.0813788175582886	-141.2971966103699	0.39934137
rider	1.5961254	0.8251548	1.8162835	-14.0744705	-8.732185	1.0278923511505127	18.994328284365917	0.7363371
rider	1.6025279	0.82326984	1.8328625	6.6327057	-25.652672	0.9325065016746521	80.83757944495103	0.57456183
bicycle	1.2096444	0.7231032	1.7639112	84.68298	-22.227493	0.9840232133865356	87.48086731851555	0.401293
rider	1.600749	0.8385238	1.79367	23.886185	31.020721	1.080570101737976	-1.520732284036002	0.6323609
bicycle	1.2313272	0.7126061	1.7674547	74.44864	-21.520004	0.9973607659339905	69.27782578416294	0.43231535
bicycle	1.1816169	0.70284986	1.8016859	-39.733624	-21.467934	0.735191285610199	94.01999844970305	0.38994414
rider	1.6189206	0.8868505	1.9395208	31.345718	8.958466	1.0875684022903442	-164.92854806306306	0.72227544
car	2.5133793	2.324914	5.208898	-43.710175	-7.6175613	1.414300799369812	0.4639772547971334	0.7088708
car	1.6384572	2.0646868	4.663624	-50.757469969536274	-10.991462998933558	0.9039673805236816	0.16421391250361386	0.82556087
car	1.599071	2.0913458	4.650221	64.51412997632188	5.545326001947034	1.0243855685880554	-179.7483988260224	0.6477877
rider	1.6192669	0.8375959	1.8530706	8.621986389160156	-33.893165588378906	0.7953017354011536	84.06429741264846	0.31683707
car	1.6030321	2.0700321	4.7197447	86.47551896274103	9.389442664571442	0.9372676260710335	-179.0508794174132	0.66082984
rider	1.5934411	0.8730688	1.8264135	-45.075869539625806	-18.9201185792065	0.8411437618832451	0.8166677329690819	0.38700694
