car	1.5284494	2.0515566	4.496869	-0.14906311	-10.976944	1.0246107578277588	-123.01920741025474	0.83907783
car	1.5149404	1.9993922	4.377967	13.533813	14.9146805	1.109736442565918	128.55044327043106	0.60213256
car	1.7389352	2.113859	4.6757336	-7.273407	-2.8018646	1.2302385568618774	12.581361219803394	0.8154702
motorcycle	1.2540773	0.766451	1.7692003	52.652603	-21.264923	1.1200813055038452	3.481110867812716	0.5901385
car	1.6377231	2.0601223	4.7050548	-5.74601	42.013214	1.0320394039154053	-96.70646328140573	0.6533154
car	1.5611814	2.0580864	4.6114836	-3.5602493	-41.06538	0.8155365586280823	86.88405904921818	0.5556302
rider	1.615745	0.86151904	1.8336408	9.428986	-26.008804	0.9285737872123718	66.10008027281452	0.617714
car	1.6394784	2.0732553	4.7867036	0.54211426	40.466614	1.076056718826294	-98.18261443699947	0.68067765
rider	1.667953	1.2935461	2.9813197	-3.098243909954008	-5.982637707754167	1.1522706747055054	-138.25687109002752	0.5223149
rider	1.6017498	0.84099865	1.8227396	-16.385513	-9.83004	1.0326138734817505	13.024039440290261	0.765228
rider	1.6127578	0.83528095	1.8408127	6.6514816	-25.672737	0.9271076321601868	79.26920408697602	0.604689
bicycle	1.2013845	0.72269934	1.7695768	84.6855	-22.235764	0.9924710988998413	87.27545620941659	0.3914056
rider	1.5876307	0.8192356	1.8012286	22.259148	31.251343	1.071802020072937	-0.9847946606217812	0.5199391
bicycle	1.2241184	0.71468294	1.7740618	74.43915	-21.521835	1.0087546110153198	69.67370354845688	0.41846824
bicycle	1.1790426	0.7127671	1.7922196	-39.608017	-21.425835	0.757829487323761	93.42175584067998	0.35873184
rider	1.6522368	0.92322195	1.9323289	34.54146001375828	10.052314999591202	1.1095561981201172	-161.51544106310516	0.7683707
car	2.5115268	2.2983115	5.2557054	-44.895775	-7.594879	1.473538875579834	1.3108797307436946	0.68486494
car	1.6978132	2.0764606	4.6864305	-54.601765	-10.950394	0.9922606945037842	0.7956170899471026	0.68079305
car	1.5911573	2.0640943	4.678053	68.68398969891986	5.590461706856328	0.9929689710478442	179.88644560057037	0.6526105
rider	1.6192669	0.8375959	1.8530706	8.621986389160156	-33.893165588378906	0.7953017354011536	84.06429741264846	0.31683707
car	1.5973502	2.062785	4.6899867	-77.10236140879323	-10.690689826973632	0.905119122966596	0.18494353663460253	0.34091726
car	1.6338125	2.0951388	4.8151298	92.67585406594553	9.39629389457245	1.0183879548240498	-178.64031674640373	0.6966377
