car	1.6085370779037476	2.116647481918335	4.664409160614014	-31.445045471191406	1.3525314331054688	1.1144607067108154	-178.9034864396025	0.8518446
car	1.6416192054748535	2.0933706760406494	4.507132530212402	11.002426147460938	-2.5153884887695312	1.1839723587036133	-175.50173804423432	0.81187636
car	1.6002835035324097	2.091952085494995	4.532285213470459	58.55690002441406	8.655128479003906	0.921403169631958	178.04983573675597	0.7611061
rider	1.5974756479263306	0.8597152233123779	1.835962176322937	-7.1516265869140625	14.056114196777344	1.0759971141815186	179.9031665869039	0.6999801
car	1.742806077003479	2.1261324882507324	4.678174018859863	-11.688034057617188	-3.6154937744140625	1.2115213871002197	5.808812073039153	0.74379575
motorcycle	1.2592666149139404	0.7634864449501038	1.7850778102874756	52.60481262207031	-21.319183349609375	1.0969303846359253	4.297762492768062	0.6876785
car	1.610125184059143	2.069460868835449	4.693920135498047	-5.763145446777344	41.902252197265625	0.9975359439849854	-96.80205129511046	0.6924611
car	1.5701427459716797	2.0585711002349854	4.61162805557251	-3.5345382690429688	-41.117313385009766	0.8478215932846069	86.94280983198045	0.6267915
rider	1.604223608970642	0.8583651185035706	1.8291621208190918	9.497718811035156	-26.25	0.8686549067497253	86.70465479600045	0.5883609
car	1.6326723098754883	2.0850725173950195	4.776187419891357	0.5461883544921875	40.45655822753906	1.0771479606628418	-98.81026351487762	0.665473
rider	1.802412509918213	1.4063067436218262	3.3252007961273193	31.78070068359375	9.861488342285156	1.1044834852218628	-153.81689829744099	0.45502925
rider	1.6060346364974976	0.8392080068588257	1.8398962020874023	-38.172325134277344	-17.831085205078125	0.868319034576416	7.921396413513267	0.46171758
rider	1.6071590185165405	0.8279286026954651	1.8344053030014038	6.544769287109375	-25.92070770263672	0.8570041656494141	80.13149930483362	0.5430427
bicycle	1.2055444717407227	0.7240206003189087	1.7698806524276733	84.69039916992188	-22.234512329101562	0.9918670654296875	87.47952609696006	0.41917643
rider	1.602857232093811	0.8690993189811707	1.793973445892334	-3.5985488891601562	33.60643005371094	1.0535284280776978	-1.4663367073649545	0.48787773
bicycle	1.2280312776565552	0.714301347732544	1.7714776992797852	74.4190673828125	-21.585220336914062	0.9845418334007263	67.58224247860745	0.38529027
bicycle	1.1853159666061401	0.7102327942848206	1.7862883806228638	-39.5156364440918	-21.369895935058594	0.730229377746582	92.64047850552423	0.3127709
rider	1.5966551303863525	0.8840556144714355	1.8768928050994873	69.26585388183594	-19.445541381835938	1.1829264163970947	-0.4812116398239925	0.3880995
