car	1.5213556	2.0601006	4.52397	-2.5295944	-16.222351	0.9941009283065796	-109.00596783732803	0.75556344
car	1.5508794	1.8931386	4.0035577	11.946129	19.78872	1.0790174007415771	103.19168575022289	0.52562857
car	1.6706322	2.118414	4.6863003	-3.4033966	-1.1980515	1.2239567041397095	22.802315840998936	0.7117132
motorcycle	1.2588412	0.7707361	1.7752169	52.615997	-21.26789	1.0927848815917969	3.7115751107872863	0.599191
car	1.6198103	2.0418012	4.669148	-5.751175	42.01181	1.0088852643966675	-96.27130168410046	0.66138977
car	1.5614954	2.0501974	4.619208	-3.5768356	-41.110638	0.8139159679412842	85.12480722469799	0.5580391
rider	1.6185992	0.8684606	1.8313702	9.50058	-25.40947	0.8713763952255249	91.84014357609348	0.69905525
car	1.6112564	2.0698318	4.7726793	0.53299713	40.482315	1.0351994037628174	-98.11332387541698	0.67545366
rider	1.6203763	1.3409711	2.827889	-6.745659444595547	-9.119064897555235	1.0813788175582886	-141.2971966103699	0.39934137
rider	1.5996736	0.8385601	1.8245988	-12.073265	-7.8384857	1.0218875408172607	19.508894245867168	0.6043396
rider	1.6157748	0.8397695	1.8471192	6.6171494	-25.585716	0.9035769104957581	83.03192797997937	0.5065481
bicycle	1.2066953	0.7289423	1.7724432	84.67859	-22.228912	0.9837666153907776	87.84609119381447	0.4487231
rider	1.6041765	0.8239807	1.7984575	25.341667	30.838669	1.0798407793045044	0.15677583649746993	0.55728734
bicycle	1.2295933	0.71295077	1.7744373	74.45798	-21.516747	0.9924504160881042	67.87084779627534	0.42355472
bicycle	1.1765089	0.70995367	1.800003	-39.571392	-21.433685	0.7419642210006714	93.41477538734821	0.35867453
rider	1.6305342	0.89672047	1.9276267	28.79477	8.004372	1.1443169116973877	-158.69313859616418	0.6821494
car	2.5576081	2.3292594	5.227512	-43.12672	-7.6276474	1.461736798286438	1.3757187165346256	0.7104578
car	1.6025921	2.058843	4.6797414	-48.038143	-10.957191	0.8949040174484253	0.600874736331699	0.68075657
car	1.6570126	2.097147	4.728071	62.077972	5.543022	1.049068570137024	-179.57241217186785	0.78820527
rider	1.6192669	0.8375959	1.8530706	8.621986389160156	-33.893165588378906	0.7953017354011536	84.06429741264846	0.31683707
car	1.6060193	2.0764346	4.7386174	82.0674610437967	9.436104247359976	0.9487155743697286	-179.46903042859054	0.6724694
rider	1.6009612	0.8626844	1.8370988	-43.14865926418044	-18.73924700941308	0.8917813301086426	1.3800217357117335	0.42943805
car	1.596484661102295	2.069692850112915	4.7158122062683105	100.58526611328125	1.921173095703125	0.9766223430633545	-179.5218098047854	0.3971212
